 1.58680000e+01 1.00000000e+00
 -8.08900000e+00 0.00000000e+00
 -1.20860000e+01 0.00000000e+00
 1.59060000e+01 1.00000000e+00
 -2.02010000e+01 0.00000000e+00
 -2.01990000e+01 0.00000000e+00
 3.49200000e+00 0.00000000e+00
 -2.90000000e-02 1.00000000e+00
 1.99620000e+01 1.00000000e+00
 2.01530000e+01 1.00000000e+00
 -2.03420000e+01 0.00000000e+00
 -8.31800000e+00 0.00000000e+00
 -1.62200000e+01 0.00000000e+00
 -1.22320000e+01 0.00000000e+00
 -8.45300000e+00 0.00000000e+00
 3.99300000e+00 1.00000000e+00
 -8.31900000e+00 0.00000000e+00
 -3.99700000e+00 0.00000000e+00
 -1.61330000e+01 0.00000000e+00
 -1.16490000e+01 0.00000000e+00
 1.57390000e+01 0.00000000e+00
 -3.77200000e+00 1.00000000e+00
 1.22380000e+01 1.00000000e+00
 -7.55300000e+00 1.00000000e+00
 -1.60430000e+01 0.00000000e+00
 -1.18680000e+01 0.00000000e+00
 2.07000000e+01 1.00000000e+00
 -2.55000000e-01 0.00000000e+00
 -4.22200000e+00 0.00000000e+00
 -3.95100000e+00 1.00000000e+00
 -1.21350000e+01 0.00000000e+00
 -8.13700000e+00 0.00000000e+00
 -1.61290000e+01 0.00000000e+00
 8.06500000e+00 1.00000000e+00
 4.12600000e+00 1.00000000e+00
 8.20000000e+00 1.00000000e+00
 1.60040000e+01 1.00000000e+00
 -1.59930000e+01 0.00000000e+00
 1.58710000e+01 1.00000000e+00
 7.84000000e+00 1.00000000e+00
 -1.59030000e+01 1.00000000e+00
 1.21000000e+01 1.00000000e+00
 4.08000000e+00 1.00000000e+00
 2.00540000e+01 1.00000000e+00
 -2.03370000e+01 0.00000000e+00
 -1.18220000e+01 1.00000000e+00
 2.87000000e-01 1.00000000e+00
 1.56460000e+01 0.00000000e+00
 -1.63990000e+01 0.00000000e+00
 2.00160000e+01 1.00000000e+00
 4.03700000e+00 1.00000000e+00
 3.94700000e+00 1.00000000e+00
 -4.04300000e+00 0.00000000e+00
 1.18290000e+01 1.00000000e+00
 1.97900000e+01 1.00000000e+00
 -4.80000000e-01 0.00000000e+00
 -1.20900000e+01 1.00000000e+00
 7.56500000e+00 0.00000000e+00
 1.16920000e+01 1.00000000e+00
 -2.04260000e+01 0.00000000e+00
 -3.00000000e-01 0.00000000e+00
 -8.00400000e+00 0.00000000e+00
 -8.27500000e+00 0.00000000e+00
 4.03800000e+00 1.00000000e+00
 -1.60410000e+01 0.00000000e+00
 -8.27500000e+00 0.00000000e+00
 8.11200000e+00 1.00000000e+00
 -4.13300000e+00 0.00000000e+00
 4.04000000e+00 1.00000000e+00
 1.19760000e+01 1.00000000e+00
 -1.60090000e+01 0.00000000e+00
 -1.20130000e+01 1.00000000e+00
 -1.19000000e-01 1.00000000e+00
 1.20190000e+01 1.00000000e+00
 1.17480000e+01 1.00000000e+00
 1.20170000e+01 1.00000000e+00
 1.19250000e+01 1.00000000e+00
 1.59240000e+01 1.00000000e+00
 7.88700000e+00 0.00000000e+00
 -1.19660000e+01 0.00000000e+00
 4.13100000e+00 1.00000000e+00
 3.76900000e+00 0.00000000e+00
 -1.99540000e+01 0.00000000e+00
 1.98020000e+01 1.00000000e+00
 -2.54000000e-01 0.00000000e+00
 -1.61380000e+01 0.00000000e+00
 -1.99440000e+01 0.00000000e+00
 -1.20090000e+01 0.00000000e+00
 -1.59150000e+01 0.00000000e+00
 -1.61380000e+01 0.00000000e+00
 7.97700000e+00 1.00000000e+00
 7.88400000e+00 1.00000000e+00
 1.61010000e+01 1.00000000e+00
 -4.17800000e+00 1.00000000e+00
 6.20000000e-02 1.00000000e+00
 2.01620000e+01 1.00000000e+00
 -1.18740000e+01 0.00000000e+00
 -1.19640000e+01 0.00000000e+00
 -8.09700000e+00 0.00000000e+00
 -4.08800000e+00 0.00000000e+00
 1.61060000e+01 1.00000000e+00
 1.61070000e+01 1.00000000e+00
 1.52000000e-01 1.00000000e+00
 2.02500000e+01 1.00000000e+00
 -1.60010000e+01 0.00000000e+00
 2.01520000e+01 1.00000000e+00
 2.01530000e+01 1.00000000e+00
 -4.04300000e+00 0.00000000e+00
 -8.00700000e+00 0.00000000e+00
 -2.01660000e+01 0.00000000e+00
 1.21950000e+01 1.00000000e+00
 1.61000000e+01 1.00000000e+00
 3.85700000e+00 0.00000000e+00
 3.58700000e+00 0.00000000e+00
 1.19690000e+01 1.00000000e+00
 1.07000000e-01 0.00000000e+00
 -8.05100000e+00 0.00000000e+00
 2.03360000e+01 1.00000000e+00
 1.22400000e+01 1.00000000e+00
 -4.13400000e+00 0.00000000e+00
 2.01170000e+01 1.00000000e+00
 -4.17800000e+00 1.00000000e+00
 8.20300000e+00 1.00000000e+00
 7.79500000e+00 0.00000000e+00
 7.79900000e+00 0.00000000e+00
 1.58310000e+01 1.00000000e+00
 2.00190000e+01 1.00000000e+00
 1.70000000e-02 1.00000000e+00
 -1.99020000e+01 0.00000000e+00
 7.65400000e+00 0.00000000e+00
 1.59580000e+01 1.00000000e+00
 -2.02510000e+01 0.00000000e+00
 -4.35000000e-01 0.00000000e+00
 3.90100000e+00 1.00000000e+00
 7.93100000e+00 1.00000000e+00
 4.22000000e+00 1.00000000e+00
 -7.51000000e+00 1.00000000e+00
 -4.31400000e+00 0.00000000e+00
 -3.86200000e+00 1.00000000e+00
 1.63700000e+01 1.00000000e+00
 -1.60910000e+01 0.00000000e+00
 -2.04350000e+01 0.00000000e+00
 -4.26800000e+00 1.00000000e+00
 -7.40000000e-02 1.00000000e+00
 -4.35000000e-01 0.00000000e+00
 -1.23660000e+01 0.00000000e+00
 -1.99410000e+01 1.00000000e+00
 -2.03030000e+01 0.00000000e+00
 -1.98510000e+01 1.00000000e+00
 1.21950000e+01 1.00000000e+00
 -1.21430000e+01 0.00000000e+00
 -7.96100000e+00 1.00000000e+00
 1.21940000e+01 1.00000000e+00
 7.84000000e+00 1.00000000e+00
