-20.43500 0.00009
-19.59551 0.00013
-18.75602 0.00020
-17.91653 0.00030
-17.07704 0.00045
-16.23755 0.00067
-15.39806 0.00101
-14.55857 0.00152
-13.71908 0.00229
-12.87959 0.00344
-12.04010 0.00517
-11.20061 0.00775
-10.36112 0.01163
-9.52163 0.01740
-8.68214 0.02596
-7.84265 0.03857
-7.00316 0.05694
-6.16367 0.08331
-5.32418 0.12034
-4.48469 0.17075
-3.64520 0.23660
-2.80571 0.31810
-1.96622 0.41251
-1.12673 0.51383
-0.28724 0.61402
0.55224 0.70540
1.39173 0.78280
2.23122 0.84436
3.07071 0.89090
3.91020 0.92476
4.74969 0.94872
5.58918 0.96533
6.42867 0.97670
7.26816 0.98440
8.10765 0.98958
8.94714 0.99305
9.78663 0.99537
10.62612 0.99692
11.46561 0.99795
12.30510 0.99864
13.14459 0.99910
13.98408 0.99940
14.82357 0.99960
15.66306 0.99973
16.50255 0.99982
17.34204 0.99988
18.18153 0.99992
19.02102 0.99995
19.86051 0.99997
20.70000 0.99998
