-20.43500  0.06279
-19.59551  0.07015
-18.75602  0.07830
-17.91653  0.08730
-17.07704  0.09723
-16.23755  0.10816
-15.39806  0.12016
-14.55857  0.13328
-13.71908  0.14760
-12.87959  0.16316
-12.04010  0.18002
-11.20061  0.19821
-10.36112  0.21775
-9.52163  0.23864
-8.68214  0.26087
-7.84265  0.28440
-7.00316  0.30915
-6.16367  0.33506
-5.32418  0.36200
-4.48469  0.38983
-3.64520  0.41841
-2.80571  0.44754
-1.96622  0.47703
-1.12673  0.50669
-0.28724  0.53630
 0.55224  0.56565
 1.39173  0.59455
 2.23122  0.62281
 3.07071  0.65026
 3.91020  0.67675
 4.74969  0.70215
 5.58918  0.72637
 6.42867  0.74931
 7.26816  0.77094
 8.10765  0.79122
 8.94714  0.81015
 9.78663  0.82774
10.62612  0.84401
11.46561  0.85901
12.30510  0.87278
13.14459  0.88539
13.98408  0.89689
14.82357  0.90736
15.66306  0.91687
16.50255  0.92548
17.34204  0.93326
18.18153  0.94028
19.02102  0.94661
19.86051  0.95230
20.70000  0.95741
